220173631
220224214
220224988
220212788
220205720
220210247
220212670
220211159
220212877
220230533
220218833
220193243
220184207
220179771
220180147
220171966
220235527
220226374
220220757
220178559
220227863
220176624
220191502
220185866
220211954
220191716
220185768
220184071
220173771
220176915
220181935
220213949
220175559
220207878
220209516
220235246
220175772
220200640
220216746
220170097
220221035
220192831
220217645
220168966
220169790
220192213
220228959
220181977
220225692
220233020
220216359
220220452
220198775
220209831
220235253
220192000
220186429
